# Camera list with one line of data per camera:
#   CAMERA_ID, MODEL, WIDTH, HEIGHT, PARAMS[]
# Number of cameras: 21
1 PINHOLE 1420 1894 1602.8413663960612 1602.8413663960612 710 947
2 PINHOLE 1437 1916 1650.2302261843638 1650.2302261843638 718.5 958
3 PINHOLE 1427 1903 1650.0661448644582 1650.0661448644582 713.5 951.5
4 PINHOLE 1425 1901 1594.3139619292892 1594.3139619292892 712.5 950.5
5 PINHOLE 1423 1897 1586.4627887766217 1586.4627887766217 711.5 948.5
6 PINHOLE 1434 1912 1570.1531070533763 1570.1531070533763 717 956
7 PINHOLE 1431 1909 1568.3871506032476 1568.3871506032476 715.5 954.5
8 PINHOLE 1427 1903 1569.3484761237908 1569.3484761237908 713.5 951.5
9 PINHOLE 1419 1892 1577.6744893259945 1577.6744893259945 709.5 946
10 PINHOLE 1422 1896 1573.4571038505353 1573.4571038505353 711 948
11 PINHOLE 1439 1919 1572.8599279131756 1572.8599279131756 719.5 959.5
12 PINHOLE 1441 1925 1563.8244033950079 1563.8244033950079 720.5 962.5
13 PINHOLE 1451 1950 1561.3558067478075 1561.3558067478075 725.5 975
17 PINHOLE 1441 1925 1566.3805816755837 1566.3805816755837 720.5 962.5
18 PINHOLE 1443 1929 1567.4311792877236 1567.4311792877236 721.5 964.5
19 PINHOLE 1442 1926 1564.8046641556416 1564.8046641556416 721 963
20 PINHOLE 1444 1933 1563.5110277674801 1563.5110277674801 722 966.5
21 PINHOLE 1444 1931 1566.4333650713313 1566.4333650713313 722 965.5
22 PINHOLE 1439 1921 1569.5458092961467 1569.5458092961467 719.5 960.5
23 PINHOLE 1436 1915 1560.7390937594962 1560.7390937594962 718 957.5
24 PINHOLE 1438 1918 1571.217839614221 1571.217839614221 719 959
