# Frame list with one line of data per frame:
#   FRAME_ID, RIG_ID, RIG_FROM_WORLD[QW, QX, QY, QZ, TX, TY, TZ], NUM_DATA_IDS, DATA_IDS[] as (SENSOR_TYPE, SENSOR_ID, DATA_ID)
# Number of frames: 21
1 1 0.97972092244101761 0.063833091069682033 0.18280133012980887 0.051535660649534625 -0.47491033774214553 -1.2368118563980972 1.5840737331068295 1 CAMERA 1 1
2 2 0.97977257668135975 0.060186363626752983 0.18302179808707761 0.054095480786570893 -0.42418888317356884 -1.3925056203109829 1.7101832265544601 1 CAMERA 2 2
3 3 0.98053182011876561 0.055664125537022859 0.18032400195282938 0.054241212951918798 -0.44427206541681447 -1.4019581112661719 1.7209091586178709 1 CAMERA 3 3
4 4 0.97994869575005594 0.057580587178142552 0.18222770312923756 0.05637458549938193 -1.0932188212355907 -0.97155566253271719 1.1192228980425931 1 CAMERA 4 4
5 5 0.97991275464691574 0.055247753560822184 0.18264558884777868 0.057959191516309572 -2.1205055505028207 -0.81516116558840523 1.1333387251246476 1 CAMERA 5 5
6 6 0.97991283108383231 0.05266341469293128 0.18351463653741346 0.057617587650733729 -3.237231014835793 -0.58400772051238592 0.93647142212889178 1 CAMERA 6 6
7 7 0.98053737671678465 0.049537012038875672 0.18112022645081929 0.05734109233377653 -3.9788705027968541 -0.28193832310572797 0.83379774801457296 1 CAMERA 7 7
8 8 0.98218887032192814 0.045527589084397156 0.17379329076825314 0.055028662820737671 -4.0850894425321131 -0.089334316064770561 0.6418221982225224 1 CAMERA 8 8
9 9 0.98543521774682141 0.041966973948941708 0.15700224349650263 0.050064960390562012 -3.3714400502969579 -0.08109201836464898 0.49524304200423136 1 CAMERA 9 9
10 10 0.98919952087787211 0.040856683197798796 0.13434491425904255 0.042029553242851035 -1.8618531846672959 -0.11304882382764476 0.064739191296073806 1 CAMERA 10 10
11 11 0.99289045555218525 0.040151139229626112 0.10782140611789515 0.030511861213260476 0.17990498286804618 -0.32806604453609811 -0.57616048603270209 1 CAMERA 11 11
12 12 0.99604026745371177 0.040674535849031496 0.077337079467264966 0.016381205196148576 2.2250589018084233 -0.76074034325383733 -1.1985364229158957 1 CAMERA 12 12
13 13 0.99817668437274276 0.040513998390100607 0.044659008864421021 0.0027378159785325712 4.4016111382358067 -1.0740513452461757 -1.8461051071295689 1 CAMERA 13 13
17 17 0.99931883859293991 0.03567846454327224 0.0075633872222467102 -0.0056303796336217658 5.419323244900955 -1.2422554943036237 -2.2161130728939176 1 CAMERA 17 17
18 18 0.9991489705625709 0.036478757428017983 0.019028001077098306 -0.0029274656740490576 3.5081047416680478 -1.1061743223057487 -2.3492589158577841 1 CAMERA 18 18
19 19 0.99869830421276851 0.032972003531593963 0.038807585730817842 -0.00291812189573727 2.5088469235884077 -0.95163145734166132 -2.2128602674619335 1 CAMERA 19 19
20 20 0.99721696365258794 0.024200438905441095 0.070464731249199941 -0.0027180526623108488 2.2001639179490491 0.078310356137673259 -1.4309399643269034 1 CAMERA 20 20
21 21 0.99444448632943927 0.0072438072019699248 0.10496792311565489 0.0030701763767553144 1.7985970109200666 2.5353721722347697 0.44486952007326042 1 CAMERA 21 21
22 22 0.99251659388656133 -0.010364503375170286 0.12046865669268306 0.017049653493995495 1.4624633673675453 4.807600949458557 2.1156192208397644 1 CAMERA 22 22
23 23 0.9915736390282861 0.0033690153387901721 0.12531012770857905 0.032676291305915414 1.1662121296044108 6.1296857400657085 2.6363003656134456 1 CAMERA 23 23
24 24 0.9882185420366123 0.053976319892825295 0.13529610012673199 0.046964192278341865 1.1371408911932854 6.833060313195614 2.4381403585115855 1 CAMERA 24 24
